100
76 96
73 31
98 45
55 70
35 42
98 1
63 93
78 98
77 44
84 33
80 28
81 70
49 44
88 23
26 3
5 27
21 23
97 85
79 92
16 39
83 49
80 17
27 56
17 52
99 43
64 32
33 57
57 100
13 57
83 25
63 61
39 57
85 4
58 98
15 85
95 83
61 98
69 3
49 6
55 50
44 9
59 87
40 85
43 85
7 87
1 59
27 6
94 75
69 7
74 60
58 97
4 71
80 86
14 69
27 46
1 7
32 7
88 72
81 54
28 22
62 54
100 63
77 86
13 74
90 47
48 63
31 55
8 66
42 46
89 82
71 7
61 100
8 47
55 75
85 25
42 66
51 54
15 1
95 21
73 41
1 26
38 50
64 84
37 18
91 63
97 75
2 78
31 73
69 13
30 10
97 22
25 47
25 9
98 42
97 59
6 1
80 74
16 1
37 75
14 10
2 39
19 30
23 66
91 95
62 69
72 63
36 14
14 20
29 19
37 82
57 76
21 94
13 27
30 42
27 63
17 5
84 87
47 59
75 84
84 76
1 66
23 29
99 70
7 94
62 61
70 48
18 58
31 49
79 44
67 85
8 14
63 89
100 29
75 35
1 74
1 27
11 85
66 83
12 81
42 40
29 3
42 4
63 19
32 2
40 79
34 32
20 94
70 6
86 51
92 8
68 30
24 57
8 7
48 30
28 58
34 26
16 8
27 5
4 81
91 74
93 89
32 6
20 35
43 57
60 92
10 83
28 99
30 17
24 83
79 27
74 10
77 54
36 96
85 21
40 19
73 68
18 77
46 8
43 66
88 6
38 52
15 66
97 4
94 71
13 6
85 25
75 78
12 50
61 30
30 25
65 43
67 8
35 84
8 86
62 11
98 58
48 16
32 82
30 81
94 47
64 15
89 40
84 83
35 67
11 91
10 47
20 7
83 10
32 37
20 71
64 51
26 45
71 25
76 25
65 87
21 78
2 95
45 67
96 67
91 78
18 47
53 31
53 57
85 76
14 92
10 49
62 55
61 27
37 86
30 32
68 66
9 10
66 15
49 77
93 2
2 41
2 96
5 74
16 49
4 8
53 83
75 98
92 32
81 97
25 42
18 25
3 84
56 91
41 28
26 30
35 27
77 69
12 59
100 94
90 8
1 32
52 96
100 60
85 16
77 54
7 75
68 81
66 91
64 77
3 21
19 76
81 13
70 94
87 44
17 68
9 93
88 20
38 41
81 91
14 58
50 74
12 28
72 23
10 18
9 72
66 31
90 30
82 91
99 4
91 82
17 67
23 59
19 98
37 89
62 58
63 88
49 39
82 34
44 92
52 63
63 41
75 72
56 8
68 13
9 75
67 64
25 95
38 76
43 61
89 55
9 29
8 38
61 29
60 63
93 61
87 51
76 20
83 84
79 8
87 89
98 44
26 18
72 52
97 62
60 9
36 1
43 42
66 39
74 88
43 74
97 45
29 6
30 51
52 80
12 27
79 19
78 13
54 32
11 48
14 70
14 31
91 4
72 97
34 92
85 30
49 65
38 77
13 81
79 1
12 74
48 64
88 66
58 86
87 58
39 90
76 84
37 65
34 15
43 40
61 43
70 72
49 21
41 55
4 17
75 1
13 36
43 84
48 99
49 41
40 15
78 43
7 79
50 98
100 50
29 53
97 60
75 79
67 92
72 40
16 45
77 22
9 66
47 64
57 18
56 74
96 52
56 13
8 99
26 89
48 41
19 25
34 65
9 56
7 87
92 35
93 45
64 97
98 77
55 94
72 79
16 94
71 75
1 77
61 5
75 13
44 67
28 67
81 16
3 15
41 96
94 41
64 39
84 24
64 30
24 46
10 96
73 8
33 63
20 26
1 57
67 84
96 28
93 26
21 84
78 100
73 17
85 83
11 22
23 46
95 42
93 19
96 90
81 28
65 58
18 36
11 82
28 93
19 64
98 64
58 89
73 92
85 10
41 75
77 27
54 67
15 10
68 34
48 17
1 4
46 45
57 33
55 60
73 98
98 65
34 88
75 94
86 51
70 53
19 1
9 43
78 76
14 74
65 9
18 81
64 93
96 5
67 82
81 96
35 37
63 60
56 40
82 77
20 77
27 31
80 23
41 100
38 24
5 72
29 69
31 5
55 90
59 7
100 31
33 27
60 33
66 50
84 94
6 45
27 3
6 20
100 16
25 3
51 16
84 20
54 69
41 94
42 33
42 68
34 77
61 43
15 56
26 11
53 66
30 11
53 42
77 51
13 7
60 71
18 5
28 94
52 37
26 49
29 36
83 19
92 64
46 49
51 68
91 77
44 58
82 5
30 12
63 37
22 99
32 59
1 26
18 69
58 5
38 4
2 43
37 100
67 43
70 47
35 72
94 20
38 55
61 1
52 96
76 82
35 59
30 69
79 46
84 33
60 38
82 35
53 60
32 53
80 18
26 56
74 94
16 15
33 59
88 90
78 28
8 34
40 62
55 1
28 88
83 72
85 98
44 46
66 8
12 94
29 12
76 53
25 76
2 14
94 60
11 10
46 75
49 68
41 62
88 69
72 62
93 89
5 59
93 94
74 30
13 47
10 79
42 47
53 19
82 70
29 88
77 23
93 2
88 81
41 99
97 54
44 12
16 40
9 67
91 96
19 75
51 4
87 39
32 77
14 82
77 16
15 61
55 53
6 97
37 17
26 34
53 95
91 34
63 25
35 78
9 80
23 21
35 68
18 84
60 6
63 3
76 58
39 52
26 93
45 64
70 88
85 24
46 94
80 31
3 63
35 76
73 22
45 16
35 15
69 95
66 96
77 69
85 91
21 98
53 65
33 32
62 20
56 22
2 21
7 25
36 56
35 52
23 96
82 56
11 26
43 89
4 7
4 27
63 56
96 51
74 91
11 63
49 71
27 64
7 75
79 46
29 61
90 51
88 38
85 42
12 18
33 6
44 27
100 4
59 78
67 12
81 66
72 2
85 83
57 53
69 23
6 3
46 77
81 97
79 19
7 22
81 44
25 27
14 62
82 91
74 9
9 21
42 47
17 91
73 74
29 93
96 31
46 58
30 22
58 95
68 97
3 40
70 96
22 51
31 10
74 63
90 37
90 28
28 60
50 18
69 6
15 5
50 27
87 82
86 72
96 78
95 85
56 71
30 97
76 95
94 99
4 44
43 98
56 51
27 67
32 40
72 14
74 37
83 25
6 97
93 96
40 32
18 66
73 29
7 32
35 47
12 84
43 48
55 13
29 85
57 85
22 10
12 82
21 58
32 37
60 49
92 88
82 19
6 59
24 95
26 94
11 40
44 23
44 79
17 64
33 17
48 80
43 70
13 40
40 22
80 2
31 71
44 40
86 100
28 53
17 81
32 4
31 26
13 83
5 94
86 41
39 2
12 46
43 84
5 32
21 54
95 27
98 76
100 20
52 28
66 65
36 64
50 22
8 45
20 54
7 60
36 51
13 96
87 41
96 89
49 56
15 9
18 65
95 88
9 67
36 100
21 60
100 52
79 88
80 6
93 36
95 16
61 83
72 65
97 5
65 98
88 50
70 63
65 1
14 94
31 54
96 92
58 73
53 85
4 35
88 8
90 4
49 89
65 45
62 83
86 48
71 86
44 12
34 49
92 49
2 63
3 39
24 42
59 48
71 96
42 63
70 30
55 14
1 3
33 71
3 20
29 34
74 2
19 16
26 74
21 15
30 90
18 46
11 23
64 10
33 53
6 10
60 14
4 94
35 11
7 80
13 88
33 57
81 78
30 57
41 2
52 14
99 85
3 79
49 94
7 12
49 56
77 15
60 15
96 15
10 60
46 51
76 51
9 67
89 76
63 91
98 74
41 76
1 5
65 6
31 38
44 31
87 38
30 58
17 12
55 52
39 91
27 17
14 15
98 6
25 64
3 45
82 2
77 35
32 37
59 49
37 27
78 71
64 54
52 62
77 55
94 4
61 63
79 51
10 63
32 56
69 72
61 33
86 38
23 19
7 59
78 59
81 40
90 81
15 26
36 94
87 99
31 85
55 72
5 75
65 96
82 71
35 80
92 47
58 79
12 87
24 6
35 64
74 89
36 5
12 11
78 31
55 1
5 26
42 84
33 29
98 50
22 35
59 63
84 57
38 81
71 73
34 63
8 32
35 45
18 70
41 91
57 59
4 31
60 80
18 100
14 74
34 20
61 57
96 32
88 27
36 45
50 94
44 83
30 56
15 61
50 66
23 42
19 13
98 90
99 76
4 87
88 7
90 69
31 42
66 9
40 98
81 17
96 13
77 53
36 37
43 19
38 57
89 8
30 2
10 61
39 21
35 70
81 8
99 36
80 85
47 36
95 14
34 36
23 21
11 46
8 27
56 63
100 28
72 64
31 24
24 7
95 83
72 79
41 43
100 38
27 91
85 57
46 1
8 15
100 27
54 98
26 19
100 37
37 1
18 38
67 66
74 48
71 2
45 37
44 27
56 47
96 25
23 36
59 84
23 25
67 6
52 66
12 87
35 30
35 52
73 100
78 35
45 66
26 8
90 2
62 77
32 60
10 3
54 71
73 93
52 28
56 45
93 53
4 62
50 82
10 71
51 1
43 97
30 17
18 44
100 10
2 35
90 17
14 27
93 45
73 47
38 10
6 18
90 64
80 100
4 52
46 13
97 32
70 62
58 11
79 97
45 22
28 16
58 85
53 40
40 84
55 66
5 56
18 68
48 53
63 28
51 38
13 19
72 17
11 34
45 83
31 87
15 2
11 79
86 79
79 97
36 65
68 1
79 96
71 38
3 13
11 23
41 84
13 14
11 94
82 66
38 75
14 47
49 27
63 79
8 79
92 73
81 25
81 58
1 49
37 59
4 5
5 24
24 59
14 94
60 25
88 27
49 71
85 23
52 80
75 12
20 4
52 30
17 1
65 2
32 37
77 70
7 31
13 59
48 53
43 91
13 83
87 74
52 4
63 25
30 63
33 20
52 50
42 57
98 74
49 92
85 6
33 78
46 57
59 48
64 78
25 32
92 52
69 94
83 33
98 51
80 75
84 3
43 47
15 27
94 11
76 50
14 93
3 70
57 24
55 3
75 72
35 86
14 67
36 90
14 4
23 12
34 72
10 54
60 4
35 17
95 11
27 10
55 90
16 85
76 78
20 22
62 23
61 2
13 77
24 22
4 73
74 31
10 31
51 3
11 38
18 93
96 78
51 46
75 44
57 15
71 84
67 43
69 78
47 48
84 40
27 11
79 45
70 86
27 26
41 92
2 9
41 49
87 4
58 53
23 21
45 3
64 10
97 4
65 21
30 37
30 14
37 15
54 30
89 63
92 62
12 48
97 74
95 7
70 73
78 17
3 65
78 38
30 11
42 30
29 7
84 95
17 52
19 81
61 27
49 65
26 43
49 75
40 31
41 61
12 87
11 25
25 81
93 57
30 98
34 15
19 32
7 42
54 45
39 99
4 28
81 88
70 36
71 75
54 29
6 62
61 90
43 68
40 35
84 33
36 27
22 75
38 72
39 53
63 100
71 83
36 11
19 57
59 44
55 71
82 96
1 9
35 32
22 92
12 47
85 42
39 33
40 66
7 34
51 78
62 46
61 32
16 82
32 57
65 67
44 63
33 61
7 55
85 33
35 70
81 19
20 34
13 75
66 68
42 93
87 73
54 23
75 31
95 18
56 74
79 10
52 75
44 4
7 61
20 99
65 96
21 68
55 71
8 35
80 1
68 55
85 22
78 76
14 39
20 46
85 24
46 11
33 36
35 13
1 4
18 80
33 70
73 10
20 27
74 14
3 55
14 73
52 68
3 12
84 40
13 87
39 26
50 40
25 81
62 99
78 36
98 93
22 13
80 42
30 12
21 30
54 96
12 28
54 77
56 96
49 33
60 31
42 4
50 36
90 44
65 18
67 50
1 4
54 2
21 86
99 81
65 25
13 90
44 45
12 77
72 16
34 78
60 53
6 55
53 97
95 94
57 53
8 66
3 50
92 22
82 47
55 44
51 45
91 37
80 44
4 37
79 52
54 91
93 15
67 25
27 11
50 1
46 7
52 39
73 82
47 44
16 24
6 92
100 87
96 58
11 86
55 96
89 24
18 30
45 13
71 30
2 27
83 26
62 72
83 2
17 29
26 10
69 21
48 73
57 15
19 90
46 88
27 6
1 60
52 3
34 7
5 38
28 34
63 94
44 63
63 25
36 72
73 44
59 15
68 9
14 17
90 14
91 99
42 14
75 44
45 44
82 33
39 69
2 88
87 20
94 21
37 31
100 15
98 8
34 22
25 18
28 8
97 51
70 22
8 13
69 71
17 6
86 93
48 11
88 84
27 73
31 3
34 21
16 10
12 76
7 76
84 36
35 37
21 29
29 11
64 97
30 100
37 50
80 44
32 18
70 65
42 29
67 28
48 81
20 9
6 26
79 18
72 66
28 35
16 35
100 62
25 43
74 85
60 19
68 98
36 83
8 41
85 72
46 16
83 2
54 27
58 54
98 42
2 97
76 39
29 91
64 63
66 65
88 53
49 94
5 66
59 22
16 96
40 25
6 17
71 50
15 54
33 45
72 100
46 48
19 70
58 88
52 21
25 29
65 11
80 39
56 26
86 84
54 32
61 19
50 82
100 14
59 54
79 59
56 51
55 78
10 46
94 23
22 37
28 59
72 33
72 61
15 68
37 22
49 92
24 6
97 28
29 37
75 95
64 88
78 17
63 69
14 9
59 96
99 85
70 66
49 78
95 99
72 46
81 85
67 41
38 31
31 78
94 32
39 22
30 73
47 12
8 81
42 99
66 1
25 39
24 23
56 9
48 77
54 10
85 45
66 88
61 96
23 56
93 32
3 59
29 71
48 78
3 75
86 19
28 35
93 34
8 3
66 72
55 64
14 84
89 87
43 41
19 98
43 26
86 14
65 91
21 72
18 91
100 32
66 15
37 67
39 60
65 82
35 33
25 10
11 49
14 36
91 68
16 50
95 18
59 69
15 98
82 75
35 47
66 77
37 20
3 98
52 7
92 6
10 15
96 18
51 95
22 55
66 36
54 61
72 76
12 65
30 52
64 78
52 76
37 55
3 89
23 70
50 35
80 93
64 55
72 54
65 50
90 8
45 75
32 90
14 10
65 35
55 27
63 94
52 35
69 7
74 8
45 11
79 6
28 71
70 40
78 4
99 21
14 12
19 13
85 30
9 67
28 8
21 54
72 78
41 88
18 21
67 21
51 69
70 84
4 16
16 24
41 49
1 29
59 95
97 54
95 39
59 70
100 42
83 59
30 87
31 41
60 34
11 34
16 32
62 18
56 21
18 83
10 50
100 82
1 32
15 21
80 10
44 20
62 96
34 7
6 32
80 15
43 84
49 30
15 90
86 53
25 78
49 37
9 100
11 41
96 42
85 64
82 78
95 69
1 36
86 54
79 2
30 34
37 9
9 86
40 61
85 18
58 98
24 53
97 42
19 96
77 17
7 78
17 90
39 13
98 58
21 50
24 3
78 97
67 74
61 32
77 73
52 1
30 54
94 98
39 95
34 55
81 93
51 33
69 82
90 76
82 60
79 94
6 69
47 74
52 63
69 45
46 92
22 61
7 74
35 91
18 34
18 11
46 83
48 60
36 57
88 62
10 37
92 37
88 20
67 13
14 18
42 51
2 25
38 84
4 85
65 89
92 71
24 21
65 62
91 69
26 12
24 23
20 57
57 7
85 72
95 1
85 1
1 90
11 57
90 31
7 59
28 47
64 83
25 32
34 82
32 65
2 67
66 71
4 88
91 62
4 53
89 27
46 74
25 61
70 13
24 9
43 89
15 6
69 39
14 41
9 29
37 76
47 8
68 28
22 43
54 27
58 30
28 79
46 85
25 97
42 28
7 88
80 45
56 25
75 18
26 80
64 34
85 59
18 87
7 34
83 53
32 60
65 44
21 9
84 45
29 19
15 18
23 93
54 35
36 87
49 53
49 47
55 21
93 39
15 42
3 5
76 7
10 94
88 1
88 55
52 56
63 88
35 52
41 89
50 80
9 15
2 78
90 38
57 25
23 57
17 56
39 86
14 80
24 53
58 8
72 88
43 94
46 3
98 21
18 78
71 94
37 41
53 37
43 19
57 98
62 45
99 40
82 85
40 59
19 71
74 26
92 71
20 24
24 59
30 85
66 81
31 75
72 54
84 63
9 61
15 9
1 52
71 36
16 40
79 14
25 66
14 80
74 42
10 58
37 100
100 24
49 70
4 98
78 75
4 97
29 82
25 28
46 92
86 96
31 64
71 57
2 4
19 15
87 66
88 66
21 4
68 90
46 66
15 84
73 45
30 4
69 85
54 5
87 21
1 41
72 62
40 24
38 23
74 23
85 30
84 28
37 99
87 68
7 14
14 8
70 57
7 39
70 56
10 75
79 54
91 89
48 8
7 52
50 38
39 72
47 29
34 21
63 31
12 59
35 90
27 81
12 71
58 62
98 69
46 60
73 37
59 60
81 31
50 56
15 5
72 96
54 81
85 27
86 77
96 62
81 21
54 11
85 5
9 87
71 91
96 39
6 84
66 60
46 48
53 38
62 36
78 41
68 4
28 60
68 17
56 17
47 86
5 54
78 53
45 52
66 87
78 58
19 28
16 98
48 68
18 43
22 85
55 1
85 61
77 7
19 12
58 4
33 34
5 92
55 95
56 82
5 18
2 44
87 88
78 50
11 89
23 92
90 27
7 82
1 26
79 51
53 2
78 62
33 100
98 19
33 32
95 22
61 44
34 94
84 73
34 55
70 73
71 14
61 37
54 71
35 15
1 96
55 95
56 9
16 84
65 46
17 48
55 97
89 37
96 83
89 42
5 35
9 28
64 29
85 99
3 67
22 90
3 28
37 64
14 84
1 98
53 99
49 34
99 83
41 78
46 86
57 3
8 23
61 83
88 34
49 72
10 54
44 43
91 18
81 80
95 57
15 62
17 51
98 73
40 100
52 38
35 38
34 63
43 59
14 18
3 67
14 16
70 55
48 41
71 5
44 33
7 63
36 31
39 89
25 23
88 97
51 68
51 44
93 39
31 68
19 89
28 47
91 42
74 40
30 24
17 89
39 16
23 39
31 8
49 33
72 15
81 21
2 22
32 8
55 22
28 78
25 6
95 33
88 29
15 39
23 65
78 35
23 34
62 52
79 42
16 58
4 14
57 19
10 89
23 37
57 82
50 55
42 82
52 37
39 8
21 50
66 31
51 35
28 95
67 100
6 8
84 38
25 49
88 21
49 4
94 87
78 82
37 4
95 85
62 76
44 89
12 28
40 33
57 58
38 58
93 37
17 92
57 43
80 39
33 91
51 31
8 100
37 71
12 19
25 66
59 70
64 83
70 27
42 53
8 15
49 26
59 100
76 39
36 67
1 5
54 83
18 92
47 34
21 81
56 60
82 15
62 25
15 92
73 37
25 10
48 9
26 60
77 70
89 59
22 100
27 29
87 89
41 18
53 82
1 55
4 18
64 13
83 66
54 7
10 87
78 37
32 69
53 44
95 34
25 74
79 14
82 75
45 35
91 3
72 18
83 88
95 79
98 93
16 5
7 69
54 32
59 14
18 67
84 11
25 2
92 33
86 84
67 10
49 18
34 21
17 61
53 100
75 68
78 63
2 86
63 18
16 10
20 72
24 42
92 59
95 23
58 55
96 76
26 49
70 51
16 36
5 94
26 25
77 71
89 53
21 80
88 68
97 52
43 14
48 34
35 99
32 65
99 91
95 73
73 12
59 100
55 89
19 36
72 53
26 64
41 25
69 34
32 76
90 13
79 29
94 92
79 33
97 36
6 70
46 8
1 19
49 55
79 94
52 31
73 72
6 15
87 50
95 59
4 15
59 69
12 11
31 65
23 93
66 34
13 90
81 25
8 16
27 25
76 71
89 92
66 5
64 98
47 63
40 42
78 48
8 42
13 63
5 48
19 40
94 47
40 50
65 43
21 62
22 51
4 96
55 84
26 69
88 47
76 4
76 39
16 59
63 70
71 64
9 48
15 61
34 20
75 11
5 7
78 70
2 63
71 8
66 69
21 44
1 99
11 67
60 24
36 74
71 33
27 15
27 45
50 86
58 73
44 33
21 29
40 12
54 64
45 53
36 32
55 72
62 20
50 9
26 40
57 34
70 63
22 94
96 87
57 19
95 2
81 87
23 90
51 100
25 10
87 49
30 59
46 43
81 45
99 50
21 97
70 99
79 49
13 68
62 76
84 67
47 55
24 95
35 53
96 31
75 87
26 51
85 22
74 42
15 94
6 83
27 68
10 48
5 22
26 25
87 31
91 44
86 69
82 1
65 47
9 8
71 48
86 75
40 2
11 88
40 57
66 90
79 20
48 57
46 94
77 64
18 26
55 7
18 49
76 49
21 82
98 47
98 64
88 97
46 62
77 81
57 72
74 83
59 80
98 6
16 100
82 29
5 79
67 17
30 19
15 54
94 35
50 27
59 77
55 42
92 27
28 59
74 87
92 99
15 36
81 11
74 92
10 69
35 69
52 54
4 22
60 22
22 79
19 7
11 44
57 8
72 8
76 72
70 55
98 36
39 29
8 85
99 31
99 69
79 38
7 70
28 66
93 52
21 31
61 90
68 87
36 49
65 46
42 9
62 48
20 55
80 28
54 35
92 2
30 74
80 45
31 21
3 50
100 30
18 10
64 77
35 38
9 90
93 6
36 13
48 74
19 82
2 45
30 84
88 95
87 60
19 63
67 66
94 33
33 41
62 48
77 65
3 36
25 21
100 82
67 11
68 66
100 64
78 13
38 76
94 68
24 90
60 86
24 31
22 2
23 51
16 80
78 98
85 57
88 3
88 1
91 4
67 6
46 13
11 40
90 49
52 54
39 58
26 30
87 41
14 47
42 57
4 54
19 18
68 96
21 91
71 6
52 6
77 47
93 27
65 21
36 39
45 17
63 33
18 12
66 48
52 10
11 76
43 22
72 69
35 40
70 3
57 30
62 70
73 15
2 15
37 1
22 2
40 71
71 13
70 53
96 36
22 62
25 72
9 32
10 16
9 8
22 74
26 30
89 61
6 97
32 55
35 53
91 39
58 72
64 32
76 97
22 38
13 96
51 75
20 7
35 78
13 100
47 100
26 98
55 15
16 28
99 9
96 12
31 3
27 4
98 100
1 30
49 1
70 62
100 87
18 98
5 66
87 45
20 24
57 63
61 81
67 14
18 13
60 52
45 99
13 19
74 6
12 75
88 82
35 48
79 66
5 92
22 82
14 35
45 97
68 95
72 42
61 47
71 84
73 15
99 67
48 76
82 8
87 17
68 24
44 84
55 28
44 74
100 67
64 73
87 80
65 69
16 4
6 36
63 69
91 3
28 45
94 64
37 57
9 74
76 94
31 75
92 49
63 72
76 98
24 80
66 33
22 71
91 33
13 57
67 32
44 51
79 73
57 14
98 12
94 25
89 21
83 55
41 94
60 64
48 26
30 29
8 46
49 17
41 8
27 21
67 5
52 61
8 77
23 59
62 76
97 37
50 12
98 13
77 68
50 74
51 10
11 50
69 59
50 39
92 3
95 60
26 47
74 53
15 59
46 96
49 5
82 15
44 86
81 95
97 74
53 77
70 25
30 31
70 71
52 12
60 82
100 83
88 93
71 10
72 37
28 41
36 66
45 31
40 22
65 84
92 47
87 41
82 15
94 34
15 41
12 1
43 51
48 8
92 12
20 5
57 86
81 51
19 83
75 6
77 23
61 33
18 89
44 8
89 19
79 68
99 39
8 63
80 18
75 74
74 15
52 13
57 41
51 13
69 5
4 51
75 44
66 2
57 93
9 90
68 88
43 2
49 15
5 77
92 61
75 93
51 4
64 90
86 34
96 29
80 39
55 24
46 24
7 69
91 12
38 37
28 71
39 13
24 26
68 85
65 73
1 80
25 57
8 42
27 66
10 58
14 57
43 91
5 54
84 87
62 66
26 42
76 68
62 56
90 65
9 71
39 11
33 21
83 36
1 21
56 7
11 49
41 90
13 89
74 55
20 13
1 25
45 63
18 9
35 77
68 89
43 87
72 11
10 36
23 76
2 81
95 35
67 13
38 86
100 4
55 9
61 80
49 11
52 47
70 5
15 65
27 42
57 50
38 13
18 22
43 82
17 18
96 64
15 71
27 57
2 79
25 65
47 78
62 100
96 62
5 4
43 54
29 28
65 2
3 11
67 21
33 51
12 85
91 9
46 58
88 19
82 52
52 63
36 15
18 62
91 92
25 22
65 96
81 57
20 8
22 92
3 40
59 20
60 94
88 13
66 6
59 86
39 99
45 10
61 63
39 69
1 35
82 11
3 19
23 18
86 96
44 55
81 24
1 27
99 56
20 83
9 3
73 40
31 9
27 93
27 17
76 88
29 74
2 92
89 70
5 23
30 93
89 56
36 67
10 38
67 4
81 54
32 60
61 47
11 51
50 91
64 4
87 18
55 45
56 97
67 1
11 27
70 28
14 60
91 73
70 50
6 20
83 9
85 74
32 59
73 97
74 6
61 23
53 8
82 52
84 33
1 85
94 21
48 60
39 66
68 61
85 39
74 9
32 47
54 45
29 95
94 41
86 12
90 65
27 77
36 33
55 29
77 76
75 22
37 13
13 84
13 32
93 24
85 93
92 40
67 50
2 44
42 92
14 7
76 24
59 72
96 4
22 36
32 16
16 75
58 71
42 13
13 6
59 6
29 30
81 39
84 36
88 68
63 59
82 87
9 83
30 84
91 94
92 99
55 5
80 27
76 51
67 2
94 79
73 62
82 54
24 27
49 48
21 51
52 79
62 89
30 62
66 48
76 87
20 1
28 60
36 89
4 64
69 63
99 16
3 31
28 41
94 17
71 60
78 91
69 91
61 10
56 72
32 90
6 83
36 33
3 31
96 11
30 79
63 48
71 31
48 96
90 83
2 72
40 46
62 32
63 53
12 92
1 10
32 77
71 38
46 60
12 78
3 23
87 8
72 52
32 36
92 41
47 25
84 74
100 20
64 50
46 12
8 85
90 6
46 13
1 4
31 48
6 54
58 88
88 90
70 28
40 39
91 89
63 78
24 19
66 79
81 65
73 96
73 12
86 5
57 82
49 61
65 47
71 74
9 59
28 58
52 25
41 76
90 66
83 61
11 30
24 75
5 80
48 2
5 100
51 85
99 93
39 57
68 15
13 96
29 26
65 60
49 46
43 100
98 31
84 83
30 55
58 53
41 34
100 96
18 66
57 23
20 66
38 18
80 96
40 19
10 32
22 5
20 16
38 39
54 95
64 78
90 57
53 69
11 44
21 78
18 27
49 68
14 79
64 95
71 83
95 53
10 96
31 74
15 63
55 24
92 17
76 97
81 30
96 86
22 25
19 37
89 32
79 87
38 11
16 36
20 25
23 91
16 20
1 34
65 5
98 89
19 40
45 38
40 54
72 74
21 22
31 25
48 75
11 24
35 76
62 75
38 59
53 84
44 63
98 51
7 42
76 36
87 5
58 97
85 79
44 92
42 3
79 7
75 20
72 48
81 51
84 27
64 97
52 66
9 56
86 92
7 10
6 63
57 33
59 26
60 90
80 1
68 66
50 62
44 86
84 68
95 53
93 2
54 73
36 35
23 79
35 28
11 79
54 61
37 77
83 72
82 91
32 94
78 3
26 82
5 81
87 97
79 64
71 77
11 30
34 23
89 62
95 15
53 22
68 81
18 9
86 24
15 28
80 75
87 22
94 57
60 69
48 91
35 66
51 18
49 44
68 84
5 55
67 23
79 94
98 75
29 16
54 8
99 82
45 39
12 51
27 48
31 77
15 74
94 91
62 34
16 62
25 32
45 63
95 68
14 40
12 100
7 17
21 56
32 31
67 100
31 3
59 67
70 86
94 89
41 89
66 37
64 77
51 85
59 16
92 86
18 7
13 92
26 12
68 83
89 77
95 77
65 91
74 67
59 15
59 69
54 82
3 58
52 30
78 21
64 39
25 19
53 62
78 53
47 25
49 40
19 74
72 17
8 1
34 47
60 62
29 60
99 86
81 78
48 18
45 60
9 11
98 33
45 20
39 94
35 97
6 40
82 81
62 61
5 1
61 66
65 62
98 38
75 34
40 78
53 6
11 85
80 34
75 72
41 77
72 35
20 81
69 97
58 89
43 97
78 77
8 30
61 14
96 76
70 64
49 94
6 70
7 96
10 89
53 29
41 66
26 3
27 83
4 85
27 19
14 21
47 24
59 79
47 82
60 65
89 55
24 28
37 67
78 48
1 53
5 82
8 35
10 2
87 33
69 13
57 67
93 88
20 46
72 98
53 92
90 66
27 50
88 35
24 35
86 29
13 65
71 17
28 59
74 59
62 69
22 95
9 71
89 60
80 90
81 18
59 44
64 49
35 65
33 65
43 15
12 24
44 39
37 15
78 93
78 34
3 49
68 10
76 30
56 5
62 74
17 95
100 10
3 75
90 78
53 92
92 74
91 13
38 21
90 15
12 92
52 9
100 89
15 6
14 91
26 74
95 47
4 67
59 98
66 31
20 48
78 30
33 8
48 45
40 98
96 41
1 2
66 15
57 20
52 95
99 78
75 69
30 5
92 43
74 100
46 98
58 59
65 30
95 100
38 41
37 22
97 64
97 56
100 38
27 1
56 29
31 5
39 72
30 13
27 7
22 20
89 79
21 96
74 83
77 5
63 50
89 59
73 37
41 92
20 70
58 44
23 48
78 8
54 15
28 41
99 20
82 7
96 17
1 96
74 46
45 93
90 100
33 27
81 94
69 85
90 51
9 39
98 60
10 1
46 71
40 74
86 92
96 70
93 63
65 29
72 24
52 61
22 26
89 92
14 93
80 70
31 57
79 70
11 14
54 82
21 8
24 57
96 99
13 9
32 87
82 31
